   
    CON MH Mix3 WO
  0   1  3    0  3
  1   2  8    3  9
  2   1  7    1  7
  3   6  3    0  0
       CON       MH     Mix3       WO
0 222.7226 306.0393       NA 229.2206
1 253.3919 314.1629 301.2355 252.4874
2 484.7831 343.6454 412.7537 263.3689
3 371.7381 250.0799       NA       NA
        CON        MH     Mix3       WO
0        NA 110.73696       NA 32.38563
1  52.12853 127.83268 68.71446 57.12791
2        NA 161.10860       NA 88.42363
3 130.88119  76.74437       NA       NA
         CON         MH      Mix3         WO
0 0.09930583 0.00112949        NA 0.03550531
1 0.12265286 0.03314070 0.2170354 0.06081269
2 0.09956666 0.09428628 0.1623677 0.12099156
3 0.70056094 0.34035869        NA         NA
        CON          MH      Mix3         WO
0        NA 0.001956334        NA 0.03652643
1 0.1145912 0.021920347 0.1179084 0.06659750
2        NA 0.151950148        NA 0.09536580
3 0.4109882 0.310745525        NA         NA
